[17, 16, 5, 2, 11, 18, 19, 8, 13, 12, 7, 0, 6, 3, 15, 4, 14, 1, 10, 9]
3836

[7, 19, 4, 9, 18, 11, 1, 17, 5, 3, 10, 15, 6, 13, 16, 2, 14, 8, 0, 12]
3838

[3, 7, 16, 15, 5, 8, 1, 12, 9, 11, 19, 13, 2, 18, 10, 14, 6, 0, 4, 17]
3828

[9, 16, 12, 2, 5, 8, 4, 1, 13, 10, 11, 18, 7, 6, 15, 14, 19, 3, 0, 17]
3816

[8, 2, 10, 16, 7, 17, 13, 5, 14, 1, 3, 15, 12, 9, 19, 0, 11, 6, 18, 4]
3838

[0, 8, 5, 4, 17, 7, 18, 16, 15, 12, 1, 2, 9, 3, 19, 6, 10, 13, 14, 11]
3830

[19, 2, 13, 16, 17, 8, 18, 9, 12, 6, 11, 0, 7, 10, 1, 4, 15, 3, 14, 5]
3820

[16, 5, 9, 8, 12, 3, 17, 2, 0, 6, 18, 14, 11, 7, 19, 10, 15, 1, 4, 13]
3826

[6, 7, 14, 11, 17, 8, 0, 10, 2, 12, 1, 13, 9, 3, 18, 4, 15, 16, 19, 5]
3824

[3, 8, 4, 5, 2, 16, 15, 12, 1, 11, 9, 13, 19, 7, 14, 6, 18, 10, 17, 0]
3830

[9, 8, 4, 5, 0, 16, 14, 1, 6, 11, 3, 12, 13, 7, 15, 17, 19, 10, 18, 2]
3824

[13, 7, 11, 6, 17, 8, 14, 3, 16, 1, 19, 12, 2, 9, 15, 4, 18, 0, 10, 5]
3816

[14, 7, 12, 2, 17, 8, 11, 6, 13, 9, 0, 15, 16, 1, 10, 4, 18, 3, 19, 5]
3824

[13, 19, 5, 2, 16, 0, 7, 1, 17, 3, 11, 6, 18, 12, 15, 4, 14, 8, 10, 9]
3834

[10, 3, 12, 13, 2, 19, 0, 1, 18, 17, 6, 16, 7, 8, 9, 4, 15, 11, 14, 5]
3850

[11, 7, 0, 6, 1, 9, 18, 12, 2, 3, 8, 14, 4, 13, 17, 15, 10, 16, 5, 19]
3832

[16, 5, 2, 8, 12, 3, 4, 0, 6, 9, 7, 15, 11, 1, 18, 10, 17, 19, 14, 13]
3820

[9, 14, 19, 4, 7, 11, 18, 1, 16, 8, 12, 15, 3, 17, 5, 6, 10, 2, 13, 0]
3824

[13, 0, 8, 16, 10, 6, 15, 1, 19, 12, 7, 2, 11, 3, 18, 4, 17, 5, 14, 9]
3832

[17, 19, 8, 2, 9, 1, 0, 7, 13, 10, 6, 15, 14, 4, 18, 11, 16, 5, 12, 3]
3856

[3, 5, 7, 8, 13, 4, 15, 12, 18, 10, 9, 1, 0, 6, 14, 2, 16, 11, 19, 17]
3834

[15, 2, 11, 19, 17, 8, 18, 13, 9, 12, 0, 10, 16, 3, 14, 4, 6, 1, 7, 5]
3820

[12, 11, 4, 0, 7, 6, 13, 3, 9, 5, 2, 10, 16, 8, 19, 17, 15, 1, 18, 14]
3830

[5, 13, 11, 3, 19, 17, 6, 1, 9, 4, 16, 14, 2, 10, 12, 7, 18, 0, 15, 8]
3842

[0, 11, 8, 7, 2, 19, 15, 16, 9, 10, 12, 13, 3, 6, 14, 4, 18, 1, 17, 5]
3846

[17, 16, 14, 2, 1, 8, 9, 19, 11, 12, 6, 0, 7, 3, 13, 4, 15, 18, 10, 5]
3828

[3, 7, 6, 11, 5, 8, 13, 12, 4, 1, 2, 19, 16, 9, 0, 14, 18, 10, 15, 17]
3806

[19, 9, 3, 15, 10, 4, 14, 2, 17, 11, 8, 13, 5, 18, 12, 0, 16, 7, 1, 6]
3844

[18, 0, 8, 16, 10, 4, 7, 11, 1, 3, 2, 13, 19, 12, 9, 17, 15, 5, 6, 14]
3838

[5, 16, 12, 2, 11, 18, 1, 8, 13, 7, 9, 14, 0, 6, 15, 4, 17, 3, 10, 19]
3838

