[4, 9, 8, 10, 6, 24, 1, 2, 15, 28, 20, 17, 16, 14, 25, 19, 5, 18, 3, 0, 13, 21, 12, 7, 22, 23, 26, 29, 11, 27]
95580

[9, 3, 7, 23, 8, 11, 5, 6, 2, 25, 12, 13, 1, 16, 19, 4, 0, 15, 26, 10, 24, 20, 28, 27, 14, 18, 17, 21, 29, 22]
95000

[21, 6, 5, 9, 2, 1, 25, 17, 28, 26, 19, 15, 23, 22, 0, 20, 16, 18, 11, 10, 29, 24, 12, 8, 3, 4, 14, 27, 13, 7]
94680

[8, 12, 23, 19, 13, 24, 4, 0, 2, 22, 9, 10, 6, 21, 28, 5, 1, 16, 29, 3, 7, 25, 11, 27, 15, 20, 14, 18, 26, 17]
96460

[19, 20, 9, 28, 25, 5, 18, 22, 26, 0, 15, 16, 14, 3, 13, 23, 24, 7, 2, 27, 21, 4, 17, 6, 10, 8, 11, 1, 29, 12]
96240

[23, 9, 12, 8, 5, 11, 24, 20, 25, 29, 13, 28, 21, 16, 7, 10, 6, 1, 14, 19, 22, 27, 26, 3, 0, 4, 2, 17, 18, 15]
94730

[24, 0, 23, 16, 3, 19, 5, 9, 10, 1, 21, 25, 6, 29, 15, 20, 4, 27, 11, 8, 13, 17, 28, 7, 22, 18, 26, 2, 12, 14]
96390

[24, 13, 7, 12, 8, 9, 27, 28, 15, 26, 19, 20, 18, 16, 11, 4, 3, 1, 14, 29, 25, 23, 21, 10, 6, 5, 2, 22, 17, 0]
96670

[20, 19, 4, 7, 5, 0, 24, 25, 28, 29, 22, 14, 27, 13, 3, 8, 23, 12, 6, 21, 16, 18, 15, 2, 1, 9, 11, 26, 17, 10]
94520

[28, 25, 9, 20, 24, 8, 21, 29, 16, 1, 27, 12, 15, 14, 4, 19, 23, 18, 2, 17, 6, 5, 13, 7, 11, 22, 3, 0, 10, 26]
94400

[8, 9, 22, 27, 20, 18, 5, 12, 4, 1, 7, 3, 0, 15, 26, 23, 19, 16, 29, 13, 10, 11, 2, 21, 25, 24, 17, 14, 6, 28]
98100

[18, 20, 17, 24, 16, 21, 9, 4, 7, 13, 22, 3, 8, 26, 28, 23, 19, 27, 11, 5, 10, 25, 6, 1, 0, 15, 29, 12, 2, 14]
93520

[4, 5, 24, 19, 1, 20, 8, 3, 11, 26, 10, 7, 12, 28, 16, 9, 6, 25, 18, 0, 23, 13, 22, 15, 17, 21, 29, 27, 14, 2]
95190

[5, 15, 24, 21, 16, 20, 4, 0, 8, 12, 18, 3, 7, 22, 17, 23, 19, 27, 2, 1, 6, 14, 9, 25, 29, 28, 26, 11, 10, 13]
92160

[23, 12, 4, 7, 27, 3, 24, 28, 25, 17, 5, 19, 20, 1, 11, 9, 8, 6, 16, 22, 18, 0, 15, 26, 10, 13, 2, 21, 14, 29]
95350

[20, 23, 22, 28, 29, 27, 21, 17, 6, 2, 19, 4, 5, 10, 13, 24, 25, 7, 0, 16, 15, 9, 18, 26, 11, 8, 3, 1, 14, 12]
94170

[12, 5, 1, 6, 4, 0, 19, 24, 27, 26, 8, 7, 23, 28, 2, 13, 9, 25, 14, 20, 15, 3, 18, 17, 21, 10, 29, 22, 16, 11]
93590

[5, 8, 23, 11, 12, 27, 6, 7, 2, 21, 0, 9, 1, 16, 26, 4, 3, 15, 29, 10, 24, 13, 28, 22, 18, 19, 14, 17, 25, 20]
95500

[25, 19, 18, 15, 16, 23, 6, 17, 10, 2, 28, 27, 9, 12, 14, 20, 24, 7, 13, 21, 5, 8, 0, 3, 26, 22, 11, 1, 4, 29]
94620

[10, 9, 6, 1, 8, 2, 24, 13, 22, 16, 20, 21, 19, 18, 0, 4, 5, 7, 17, 23, 28, 25, 29, 12, 11, 3, 26, 15, 27, 14]
95090

[8, 11, 22, 27, 12, 23, 5, 10, 1, 0, 4, 3, 6, 21, 26, 13, 9, 25, 14, 24, 19, 7, 18, 16, 20, 28, 17, 2, 15, 29]
95900

[27, 25, 15, 20, 21, 19, 28, 29, 12, 1, 22, 26, 8, 3, 17, 24, 23, 7, 10, 13, 9, 16, 6, 4, 0, 18, 11, 2, 5, 14]
93800

[20, 15, 24, 18, 14, 23, 0, 17, 5, 1, 21, 25, 6, 10, 26, 19, 16, 7, 13, 4, 8, 28, 9, 27, 11, 22, 3, 2, 12, 29]
95150

[15, 18, 28, 21, 19, 24, 4, 14, 0, 12, 23, 22, 9, 10, 25, 20, 16, 2, 11, 5, 8, 27, 26, 3, 1, 17, 6, 13, 7, 29]
93020

[9, 24, 28, 19, 27, 26, 4, 8, 7, 3, 25, 29, 15, 17, 18, 22, 23, 16, 2, 12, 5, 21, 10, 11, 0, 20, 1, 14, 13, 6]
98420

[20, 24, 29, 27, 21, 25, 15, 16, 14, 4, 22, 26, 18, 7, 12, 19, 23, 8, 2, 17, 1, 28, 5, 10, 13, 9, 11, 3, 6, 0]
92060

[12, 4, 27, 24, 8, 23, 5, 7, 0, 6, 13, 11, 1, 16, 20, 10, 9, 25, 17, 3, 18, 19, 22, 15, 29, 28, 21, 2, 14, 26]
94770

[22, 23, 20, 19, 24, 21, 8, 12, 7, 0, 26, 18, 9, 10, 16, 27, 28, 13, 2, 4, 3, 15, 14, 6, 29, 25, 11, 1, 5, 17]
94560

[21, 17, 23, 18, 16, 15, 5, 6, 10, 0, 24, 25, 9, 8, 14, 20, 19, 7, 13, 2, 28, 22, 27, 26, 12, 4, 11, 1, 29, 3]
96660

[15, 23, 25, 27, 24, 28, 18, 22, 14, 2, 16, 17, 5, 3, 29, 19, 20, 4, 1, 26, 7, 21, 10, 13, 12, 8, 0, 6, 9, 11]
93650

