[16, 39, 8, 33, 11, 24, 2, 35, 9, 10, 3, 29, 28, 7, 37, 30, 38, 13, 19, 0, 5, 20, 26, 6, 15, 1, 32, 14, 21, 31, 34, 25, 17, 27, 36, 22, 23, 12, 4, 18]
250402

[17, 3, 32, 38, 27, 1, 35, 2, 24, 8, 7, 15, 29, 36, 22, 18, 33, 11, 31, 21, 13, 26, 12, 39, 34, 28, 5, 14, 0, 4, 20, 23, 16, 10, 9, 19, 30, 37, 25, 6]
252020

[30, 16, 10, 11, 34, 25, 24, 35, 37, 9, 19, 28, 4, 26, 7, 2, 3, 15, 14, 5, 21, 12, 31, 33, 38, 32, 13, 0, 8, 29, 20, 23, 17, 27, 1, 6, 36, 22, 18, 39]
243088

[18, 22, 17, 27, 32, 36, 34, 3, 23, 20, 29, 31, 15, 12, 26, 25, 6, 1, 0, 5, 14, 21, 38, 4, 39, 24, 7, 13, 9, 8, 19, 37, 2, 35, 33, 11, 28, 10, 16, 30]
247856

[24, 33, 34, 3, 32, 36, 16, 2, 8, 7, 31, 38, 27, 15, 12, 35, 39, 29, 21, 13, 1, 22, 26, 25, 6, 11, 5, 0, 14, 20, 23, 37, 18, 28, 17, 10, 19, 9, 4, 30]
254170

[39, 8, 7, 31, 26, 24, 33, 2, 17, 38, 3, 5, 21, 34, 37, 30, 13, 0, 32, 14, 19, 10, 9, 16, 23, 20, 29, 22, 15, 11, 28, 25, 18, 1, 27, 36, 12, 6, 4, 35]
253734

[17, 4, 19, 12, 20, 0, 23, 6, 37, 30, 21, 26, 5, 29, 11, 18, 3, 38, 32, 14, 7, 28, 10, 8, 27, 1, 36, 15, 22, 9, 13, 39, 35, 25, 34, 31, 24, 16, 33, 2]
252952

[24, 17, 31, 7, 27, 18, 35, 2, 8, 3, 32, 38, 29, 1, 39, 33, 11, 5, 21, 14, 15, 12, 22, 16, 10, 28, 13, 0, 9, 26, 23, 30, 6, 34, 36, 19, 20, 4, 25, 37]
252800

[24, 34, 28, 8, 11, 10, 6, 16, 31, 26, 21, 36, 13, 9, 19, 30, 7, 20, 29, 3, 32, 5, 0, 33, 25, 12, 4, 27, 15, 14, 38, 37, 35, 18, 22, 1, 39, 23, 17, 2]
254762

[30, 16, 39, 9, 13, 10, 19, 28, 35, 11, 8, 15, 1, 14, 38, 4, 24, 25, 31, 27, 32, 34, 21, 36, 37, 3, 7, 29, 20, 5, 0, 17, 2, 33, 26, 23, 22, 12, 6, 18]
249838

[37, 30, 6, 11, 33, 16, 2, 35, 25, 26, 20, 0, 29, 22, 23, 18, 4, 12, 28, 19, 14, 15, 9, 1, 34, 31, 21, 10, 36, 32, 27, 13, 24, 7, 5, 8, 3, 38, 17, 39]
248256

[6, 23, 36, 12, 20, 4, 25, 37, 17, 0, 21, 31, 5, 34, 26, 30, 22, 38, 19, 32, 14, 28, 7, 2, 18, 13, 29, 15, 9, 10, 33, 16, 39, 1, 8, 27, 3, 11, 24, 35]
244964

[17, 27, 32, 23, 3, 7, 2, 35, 22, 15, 29, 12, 20, 26, 25, 24, 18, 1, 36, 21, 4, 31, 34, 37, 33, 14, 19, 0, 5, 28, 11, 6, 16, 38, 9, 13, 10, 8, 39, 30]
254574

[35, 37, 1, 17, 38, 19, 30, 2, 39, 25, 13, 4, 20, 0, 23, 6, 8, 36, 27, 21, 12, 29, 26, 18, 11, 3, 32, 5, 15, 14, 22, 33, 24, 34, 31, 28, 7, 10, 9, 16]
254188

[35, 24, 36, 27, 17, 3, 11, 2, 25, 31, 34, 29, 32, 7, 8, 33, 4, 26, 21, 14, 5, 19, 37, 30, 20, 12, 28, 15, 0, 38, 13, 10, 18, 22, 1, 23, 6, 9, 39, 16]
253210

[2, 23, 12, 4, 28, 9, 16, 33, 35, 25, 26, 21, 30, 10, 34, 17, 6, 20, 0, 5, 19, 14, 15, 32, 24, 7, 29, 11, 37, 38, 27, 3, 18, 22, 31, 8, 1, 13, 36, 39]
254224

[17, 36, 4, 27, 3, 25, 37, 35, 38, 19, 32, 1, 9, 34, 28, 30, 13, 10, 14, 21, 15, 26, 11, 16, 8, 0, 5, 31, 29, 7, 24, 33, 39, 6, 20, 12, 23, 22, 18, 2]
247522

[35, 8, 18, 1, 27, 22, 36, 3, 24, 11, 29, 31, 15, 12, 4, 25, 7, 20, 0, 38, 19, 21, 26, 37, 6, 23, 5, 32, 14, 28, 34, 17, 2, 39, 33, 13, 9, 10, 16, 30]
248908

[6, 10, 5, 17, 32, 9, 16, 33, 19, 14, 0, 38, 13, 37, 30, 18, 28, 21, 11, 29, 27, 15, 1, 35, 36, 34, 8, 3, 31, 25, 22, 24, 4, 12, 20, 26, 7, 23, 39, 2]
257574

[35, 2, 24, 34, 31, 6, 23, 25, 39, 8, 3, 7, 5, 20, 26, 37, 17, 33, 11, 28, 21, 29, 12, 4, 27, 38, 32, 9, 14, 0, 15, 30, 1, 13, 36, 10, 19, 18, 22, 16]
251654

[6, 18, 23, 9, 22, 33, 16, 2, 11, 29, 20, 28, 15, 12, 26, 30, 10, 0, 5, 19, 14, 4, 25, 37, 8, 13, 38, 21, 7, 31, 34, 24, 39, 17, 1, 32, 27, 36, 3, 35]
247030

[2, 30, 37, 7, 26, 25, 35, 24, 33, 11, 39, 8, 29, 4, 31, 18, 28, 19, 0, 38, 3, 21, 1, 34, 10, 14, 13, 5, 32, 15, 27, 36, 16, 9, 6, 20, 23, 12, 22, 17]
250418

[18, 39, 38, 8, 17, 7, 24, 2, 1, 13, 19, 31, 27, 14, 33, 35, 23, 20, 0, 29, 32, 5, 10, 11, 22, 36, 21, 15, 3, 9, 34, 28, 12, 4, 25, 26, 37, 30, 16, 6]
251254

[37, 4, 12, 22, 25, 26, 30, 18, 6, 21, 5, 0, 20, 23, 29, 2, 3, 19, 34, 14, 28, 10, 11, 33, 38, 36, 32, 15, 31, 7, 8, 24, 17, 1, 27, 13, 9, 39, 16, 35]
250812

[30, 6, 12, 23, 22, 18, 16, 2, 37, 26, 20, 28, 9, 7, 39, 33, 4, 0, 5, 14, 15, 29, 10, 11, 25, 19, 21, 34, 31, 13, 8, 24, 17, 38, 36, 32, 27, 1, 3, 35]
247940

[35, 24, 7, 11, 8, 39, 33, 2, 34, 31, 5, 28, 20, 13, 10, 16, 17, 26, 21, 32, 29, 0, 9, 23, 25, 37, 3, 15, 38, 14, 19, 30, 4, 12, 36, 27, 1, 22, 18, 6]
251590

[3, 37, 30, 34, 33, 26, 25, 2, 8, 36, 4, 28, 11, 31, 24, 35, 27, 1, 19, 21, 29, 12, 7, 18, 17, 38, 32, 14, 5, 15, 22, 6, 39, 13, 9, 10, 0, 16, 20, 23]
248042

[2, 33, 23, 29, 22, 39, 1, 18, 16, 11, 9, 15, 10, 8, 13, 38, 30, 26, 28, 12, 14, 21, 0, 19, 24, 7, 20, 31, 5, 32, 27, 17, 35, 37, 25, 4, 34, 3, 36, 6]
246140

[3, 34, 28, 8, 11, 24, 35, 2, 25, 36, 27, 31, 29, 7, 39, 33, 37, 4, 21, 26, 5, 20, 1, 18, 30, 19, 14, 12, 0, 13, 22, 6, 17, 38, 32, 15, 10, 9, 23, 16]
250608

[30, 37, 4, 25, 26, 33, 35, 2, 16, 11, 28, 34, 31, 7, 24, 18, 9, 10, 21, 15, 12, 29, 22, 23, 19, 38, 1, 14, 5, 32, 27, 17, 39, 8, 13, 0, 20, 36, 3, 6]
253706

