[30, 3, 16, 13, 32, 7, 31, 15, 24, 0, 19, 25, 2, 28, 33, 23, 17, 10, 11, 26, 1, 18, 6, 34, 20, 22, 27, 5, 9, 14, 8, 12, 21, 29, 4]
186320204

[30, 19, 3, 24, 25, 16, 7, 13, 33, 23, 8, 0, 14, 15, 28, 1, 20, 22, 26, 11, 10, 2, 17, 18, 9, 4, 27, 31, 6, 32, 29, 21, 34, 12, 5]
167000100

[19, 7, 23, 30, 6, 15, 24, 3, 33, 13, 0, 20, 25, 22, 16, 28, 14, 5, 11, 26, 1, 10, 31, 8, 18, 2, 9, 27, 4, 34, 32, 12, 21, 29, 17]
166257444

[14, 19, 30, 3, 24, 16, 7, 25, 33, 1, 23, 10, 13, 15, 8, 28, 0, 31, 11, 26, 2, 17, 6, 9, 20, 22, 18, 21, 27, 5, 34, 4, 32, 12, 29]
166293876

[19, 16, 8, 30, 7, 33, 32, 3, 13, 24, 1, 25, 14, 15, 0, 28, 23, 10, 11, 26, 20, 18, 22, 5, 27, 4, 6, 34, 9, 29, 31, 12, 21, 2, 17]
166333970

[30, 24, 15, 3, 19, 22, 13, 25, 0, 33, 14, 32, 16, 28, 7, 20, 23, 10, 11, 26, 1, 31, 2, 8, 18, 4, 9, 17, 6, 21, 29, 27, 34, 12, 5]
160888582

[8, 30, 6, 14, 22, 19, 7, 33, 1, 18, 5, 20, 27, 3, 16, 15, 34, 13, 26, 0, 11, 2, 17, 28, 24, 23, 10, 31, 21, 4, 25, 32, 29, 12, 9]
180768136

[19, 30, 25, 3, 7, 0, 32, 14, 15, 33, 24, 20, 22, 28, 23, 16, 13, 10, 11, 26, 8, 1, 31, 18, 6, 4, 9, 27, 5, 29, 12, 34, 2, 17, 21]
167489856

[30, 7, 33, 1, 23, 24, 25, 14, 3, 22, 15, 10, 32, 31, 20, 19, 8, 28, 16, 26, 18, 17, 0, 5, 9, 27, 6, 34, 11, 13, 21, 2, 4, 12, 29]
174180686

[14, 19, 30, 20, 32, 24, 7, 25, 15, 3, 28, 16, 13, 0, 23, 33, 10, 22, 11, 26, 1, 17, 5, 18, 27, 6, 9, 8, 31, 34, 21, 2, 4, 12, 29]
161955766

[14, 19, 6, 16, 30, 22, 32, 7, 15, 33, 20, 1, 18, 8, 27, 5, 34, 12, 24, 3, 26, 0, 25, 10, 11, 31, 28, 2, 17, 21, 23, 13, 4, 9, 29]
185347074

[30, 3, 24, 8, 4, 19, 7, 15, 33, 25, 1, 28, 17, 23, 10, 32, 31, 2, 16, 13, 20, 22, 0, 5, 12, 11, 6, 18, 34, 14, 9, 27, 29, 26, 21]
187343750

[30, 19, 3, 13, 14, 16, 7, 24, 0, 33, 6, 20, 22, 15, 28, 5, 23, 25, 11, 26, 10, 9, 2, 8, 4, 32, 1, 17, 27, 21, 31, 18, 34, 12, 29]
162640316

[19, 22, 16, 6, 30, 3, 7, 13, 0, 23, 33, 24, 34, 20, 14, 15, 5, 28, 11, 26, 10, 1, 31, 2, 8, 17, 21, 4, 18, 32, 25, 9, 27, 12, 29]
170812250

[30, 3, 13, 14, 7, 15, 32, 19, 0, 6, 33, 20, 22, 24, 5, 16, 28, 23, 11, 26, 1, 17, 10, 18, 27, 31, 21, 12, 2, 25, 8, 9, 34, 29, 4]
173562548

[30, 7, 15, 3, 19, 33, 24, 16, 20, 28, 14, 23, 13, 22, 0, 1, 8, 25, 11, 26, 10, 18, 17, 5, 6, 29, 27, 31, 21, 2, 34, 9, 32, 12, 4]
169119446

[14, 24, 7, 17, 23, 15, 13, 19, 33, 0, 21, 25, 28, 30, 3, 10, 2, 16, 26, 11, 20, 6, 22, 1, 18, 31, 8, 9, 4, 32, 29, 27, 5, 12, 34]
179979504

[8, 33, 30, 3, 7, 24, 14, 15, 1, 13, 23, 19, 25, 0, 16, 28, 10, 31, 11, 26, 18, 6, 2, 4, 17, 32, 20, 21, 22, 27, 9, 29, 5, 12, 34]
167125918

[33, 7, 30, 1, 14, 8, 32, 3, 24, 13, 0, 15, 25, 19, 16, 28, 23, 10, 11, 26, 20, 22, 27, 5, 31, 4, 6, 34, 12, 18, 9, 29, 2, 17, 21]
170463968

[19, 22, 30, 15, 7, 33, 24, 25, 20, 5, 3, 16, 13, 0, 6, 28, 14, 23, 10, 11, 2, 4, 32, 9, 1, 17, 18, 26, 27, 31, 21, 8, 34, 12, 29]
166763912

[30, 13, 22, 14, 7, 15, 24, 6, 0, 28, 23, 19, 5, 16, 3, 20, 33, 25, 11, 26, 8, 29, 10, 1, 18, 2, 27, 31, 4, 17, 34, 9, 32, 12, 21]
168147092

[19, 7, 30, 33, 20, 23, 3, 16, 22, 24, 15, 25, 13, 10, 0, 28, 14, 32, 11, 26, 1, 17, 5, 8, 18, 6, 27, 31, 9, 34, 21, 2, 4, 12, 29]
163056392

[30, 32, 24, 19, 14, 3, 7, 25, 33, 28, 20, 23, 22, 10, 15, 1, 31, 12, 8, 26, 16, 13, 0, 18, 6, 27, 9, 11, 21, 29, 2, 17, 4, 34, 5]
175776976

[19, 25, 8, 22, 33, 30, 7, 14, 15, 5, 3, 16, 32, 24, 6, 1, 20, 13, 0, 28, 10, 2, 29, 11, 18, 4, 27, 31, 9, 17, 23, 12, 34, 26, 21]
181694992

[30, 31, 19, 33, 20, 14, 3, 7, 8, 13, 15, 0, 28, 1, 16, 23, 22, 10, 11, 26, 18, 2, 4, 5, 9, 17, 6, 32, 27, 24, 34, 21, 25, 12, 29]
184942730

[19, 7, 33, 14, 32, 30, 24, 25, 20, 23, 6, 22, 27, 15, 28, 5, 34, 26, 3, 10, 16, 1, 31, 2, 12, 17, 13, 21, 8, 29, 0, 11, 18, 9, 4]
170535736

[26, 14, 25, 31, 17, 19, 32, 7, 15, 28, 23, 30, 3, 33, 10, 24, 21, 2, 1, 8, 16, 6, 22, 13, 18, 0, 9, 20, 5, 29, 27, 34, 12, 11, 4]
170520898

[19, 14, 30, 8, 7, 23, 32, 24, 33, 25, 3, 20, 22, 15, 10, 28, 1, 31, 5, 6, 16, 17, 21, 18, 9, 27, 13, 26, 29, 0, 34, 2, 12, 11, 4]
180881860

[30, 32, 24, 7, 3, 33, 14, 25, 15, 28, 20, 1, 23, 10, 31, 19, 22, 8, 16, 26, 13, 6, 21, 9, 2, 0, 18, 29, 11, 17, 27, 12, 4, 34, 5]
171501922

[8, 30, 26, 19, 7, 33, 17, 24, 1, 14, 21, 3, 23, 25, 15, 10, 31, 2, 16, 13, 6, 34, 32, 0, 11, 29, 20, 22, 18, 4, 5, 27, 28, 12, 9]
182445104

